proj:       1
zone:       48
north:      1998522.28534274
south:      1937087.40340192
east:       513265.29261131
west:       464222.85466713
cols:       558
rows:       699
e-w resol:  87.88967374
n-s resol:  87.88967374
top:        1.000000000000000
bottom:     0.000000000000000
cols3:      558
rows3:      699
depths:     1
e-w resol3: 87.88967374
n-s resol3: 87.88967374
t-b resol:  1
