proj:       1
zone:       48
north:      1998522.28534274
south:      1937087.40340192
east:       513265.29261131
west:       464222.85466713
cols:       558
rows:       699
e-w resol:  87.88967374
n-s resol:  87.88967374
format:     -1
compressed: 5
