proj:       1
zone:       48
north:      1998522.28534274
south:      1966618.33377691
east:       495863.13721176
west:       472660.2633457
cols:       264
rows:       363
e-w resol:  87.88967374
n-s resol:  87.88967374
format:     0
compressed: 5
